 1507. 1507. 1506. 1505. 1504. 1502. 1498. 1495. 1492. 1490. 1490. 1492. 1495. 1498. 1500. 1501. 1501. 1501. 1502. 1502. 1503. 1504. 1505. 1506. 1507. 1507. 1508. 1508. 1508. 1508. 1508. 1507. 1507.
 1503. 1503. 1501. 1500. 1499. 1497. 1493. 1489. 1485. 1484. 1484. 1486. 1490. 1493. 1496. 1498. 1499. 1499. 1501. 1502. 1502. 1503. 1505. 1506. 1508. 1509. 1509. 1509. 1509. 1509. 1509. 1509. 1508.
 1495. 1496. 1496. 1496. 1496. 1494. 1490. 1485. 1481. 1480. 1481. 1484. 1487. 1490. 1493. 1494. 1495. 1496. 1498. 1500. 1501. 1502. 1504. 1507. 1508. 1509. 1510. 1511. 1511. 1510. 1511. 1511. 1511.
 1484. 1488. 1490. 1492. 1491. 1489. 1485. 1479. 1475. 1475. 1477. 1480. 1484. 1487. 1489. 1491. 1492. 1493. 1495. 1497. 1499. 1501. 1504. 1508. 1510. 1511. 1512. 1513. 1513. 1513. 1513. 1514. 1515.
 1472. 1476. 1479. 1479. 1479. 1477. 1473. 1469. 1466. 1466. 1467. 1471. 1475. 1480. 1484. 1487. 1488. 1490. 1491. 1494. 1496. 1500. 1504. 1508. 1511. 1512. 1513. 1515. 1517. 1518. 1517. 1517. 1517.
 1458. 1460. 1461. 1461. 1462. 1462. 1461. 1459. 1457. 1455. 1456. 1458. 1463. 1471. 1479. 1483. 1483. 1483. 1484. 1488. 1492. 1497. 1503. 1506. 1508. 1509. 1510. 1514. 1518. 1520. 1519. 1518. 1518.
 1448. 1447. 1446. 1447. 1450. 1453. 1454. 1453. 1450. 1447. 1446. 1448. 1455. 1465. 1475. 1478. 1475. 1472. 1472. 1478. 1486. 1493. 1499. 1502. 1502. 1502. 1505. 1510. 1515. 1519. 1519. 1518. 1518.
 1442. 1439. 1439. 1441. 1445. 1448. 1447. 1444. 1440. 1438. 1437. 1440. 1448. 1460. 1470. 1472. 1465. 1457. 1457. 1464. 1476. 1486. 1493. 1496. 1497. 1497. 1500. 1504. 1510. 1515. 1516. 1517. 1518.
 1437. 1434. 1433. 1434. 1437. 1437. 1435. 1431. 1429. 1429. 1431. 1435. 1442. 1452. 1461. 1461. 1453. 1443. 1442. 1450. 1464. 1476. 1484. 1489. 1491. 1494. 1497. 1501. 1505. 1508. 1511. 1513. 1516.
 1432. 1427. 1421. 1419. 1420. 1422. 1423. 1424. 1427. 1431. 1435. 1436. 1439. 1445. 1451. 1451. 1444. 1435. 1432. 1439. 1451. 1464. 1472. 1478. 1483. 1489. 1493. 1497. 1499. 1501. 1503. 1506. 1509.
 1430. 1420. 1410. 1405. 1410. 1420. 1431. 1439. 1446. 1451. 1453. 1451. 1449. 1448. 1450. 1449. 1444. 1436. 1432. 1435. 1444. 1453. 1461. 1467. 1472. 1478. 1484. 1488. 1490. 1491. 1493. 1495. 1499.
 1439. 1426. 1413. 1411. 1422. 1441. 1460. 1472. 1476. 1476. 1474. 1471. 1466. 1463. 1461. 1458. 1452. 1445. 1439. 1439. 1443. 1449. 1454. 1458. 1462. 1467. 1472. 1476. 1479. 1481. 1483. 1486. 1489.
 1456. 1444. 1434. 1436. 1452. 1474. 1491. 1496. 1491. 1483. 1479. 1477. 1477. 1476. 1472. 1467. 1459. 1451. 1446. 1444. 1445. 1449. 1453. 1455. 1457. 1459. 1462. 1466. 1470. 1474. 1476. 1479. 1482.
 1474. 1466. 1460. 1464. 1479. 1495. 1502. 1495. 1480. 1467. 1463. 1467. 1472. 1473. 1469. 1462. 1455. 1449. 1445. 1443. 1444. 1447. 1451. 1453. 1454. 1455. 1457. 1460. 1464. 1468. 1471. 1473. 1475.
 1484. 1478. 1475. 1477. 1485. 1492. 1491. 1479. 1462. 1450. 1447. 1452. 1457. 1458. 1453. 1445. 1440. 1438. 1437. 1438. 1439. 1441. 1443. 1446. 1448. 1450. 1452. 1455. 1459. 1463. 1465. 1467. 1468.
 1486. 1481. 1477. 1476. 1478. 1479. 1476. 1467. 1457. 1450. 1448. 1449. 1449. 1444. 1436. 1429. 1427. 1429. 1432. 1434. 1434. 1433. 1434. 1435. 1439. 1442. 1446. 1450. 1455. 1459. 1462. 1463. 1463.
 1486. 1481. 1476. 1472. 1470. 1469. 1468. 1466. 1463. 1461. 1458. 1455. 1448. 1439. 1430. 1425. 1426. 1430. 1434. 1436. 1434. 1431. 1429. 1430. 1432. 1437. 1442. 1448. 1454. 1459. 1463. 1464. 1464.
 1486. 1483. 1478. 1473. 1469. 1467. 1467. 1466. 1466. 1464. 1461. 1456. 1449. 1440. 1434. 1432. 1433. 1437. 1440. 1440. 1438. 1434. 1432. 1431. 1433. 1437. 1444. 1451. 1458. 1465. 1469. 1471. 1471.
 1486. 1485. 1482. 1479. 1474. 1471. 1467. 1464. 1461. 1458. 1455. 1452. 1448. 1445. 1443. 1441. 1442. 1442. 1442. 1441. 1439. 1437. 1436. 1437. 1439. 1444. 1450. 1458. 1465. 1472. 1477. 1479. 1479.
 1484. 1485. 1485. 1483. 1481. 1476. 1472. 1466. 1460. 1456. 1454. 1453. 1452. 1452. 1451. 1448. 1446. 1442. 1439. 1437. 1436. 1437. 1439. 1442. 1446. 1451. 1458. 1465. 1472. 1478. 1482. 1484. 1483.
 1480. 1482. 1484. 1484. 1484. 1482. 1479. 1474. 1469. 1465. 1463. 1462. 1461. 1460. 1456. 1452. 1446. 1440. 1436. 1434. 1435. 1437. 1441. 1446. 1451. 1457. 1464. 1470. 1476. 1481. 1483. 1484. 1482.
 1475. 1477. 1479. 1482. 1483. 1484. 1483. 1481. 1478. 1475. 1473. 1470. 1468. 1464. 1459. 1454. 1448. 1442. 1439. 1438. 1439. 1441. 1445. 1450. 1455. 1460. 1466. 1471. 1475. 1478. 1480. 1479. 1478.
 1469. 1471. 1474. 1476. 1478. 1479. 1480. 1479. 1478. 1475. 1473. 1470. 1467. 1464. 1460. 1456. 1453. 1450. 1448. 1447. 1448. 1449. 1451. 1454. 1457. 1460. 1464. 1467. 1471. 1472. 1473. 1472. 1471.
