5844 5844 5844 5844 5845 5845 5846 5846 5846 5846 5847 5847 5847 5846 5845 5844 5844 5844 5845 5845 5846 5846 5847 5848 5849 5850 5850 5851 5851 5852 5852 5852 5853 5853 5853 5853 5853 5853 5853 5853 5852 5853 5853 5853 5853 5854 5854 5855 5855 5855 5855 5854 5854 5854 5854 5855 5855 5855 5855 5856 5856 5857 5857 5857 5857 
5843 5843 5843 5843 5844 5844 5845 5845 5845 5846 5846 5846 5846 5845 5844 5843 5843 5843 5844 5844 5845 5846 5847 5847 5848 5849 5850 5851 5851 5852 5852 5852 5852 5853 5853 5853 5853 5853 5853 5852 5852 5852 5853 5853 5854 5854 5854 5855 5855 5855 5855 5855 5855 5855 5855 5855 5855 5856 5856 5856 5857 5857 5858 5858 5858 
5842 5842 5842 5842 5843 5843 5843 5844 5844 5844 5845 5845 5844 5843 5842 5841 5841 5842 5842 5843 5844 5845 5845 5846 5848 5849 5850 5850 5851 5852 5852 5852 5852 5852 5853 5853 5853 5853 5852 5852 5852 5853 5853 5853 5854 5854 5855 5855 5856 5856 5856 5855 5856 5856 5856 5856 5857 5857 5857 5858 5858 5859 5859 5860 5860 
5842 5842 5842 5842 5842 5842 5842 5842 5843 5843 5843 5843 5843 5841 5840 5840 5840 5840 5841 5841 5842 5843 5844 5845 5846 5848 5849 5850 5851 5851 5852 5852 5852 5852 5852 5852 5852 5853 5852 5852 5853 5853 5854 5854 5854 5855 5855 5856 5856 5856 5856 5856 5857 5857 5857 5858 5858 5858 5859 5859 5860 5860 5861 5861 5862 
5843 5843 5842 5842 5842 5841 5841 5841 5841 5842 5842 5842 5841 5840 5839 5838 5838 5838 5838 5839 5840 5841 5842 5844 5845 5847 5848 5849 5850 5851 5851 5851 5851 5851 5852 5852 5852 5853 5853 5853 5853 5854 5854 5855 5855 5856 5856 5857 5857 5857 5857 5858 5858 5858 5859 5859 5860 5860 5861 5861 5862 5863 5863 5863 5864 
5845 5844 5843 5842 5842 5841 5841 5840 5840 5840 5841 5840 5839 5838 5837 5836 5836 5836 5836 5837 5837 5839 5840 5842 5844 5845 5847 5848 5849 5850 5850 5850 5850 5851 5851 5852 5852 5853 5853 5854 5855 5855 5856 5856 5857 5857 5858 5858 5858 5859 5859 5859 5860 5860 5861 5861 5862 5862 5863 5864 5864 5865 5866 5866 5866 
5847 5846 5845 5844 5842 5841 5841 5840 5839 5840 5839 5839 5838 5837 5836 5835 5835 5834 5834 5834 5835 5837 5838 5840 5842 5844 5846 5848 5849 5850 5850 5850 5850 5850 5851 5852 5852 5853 5854 5855 5856 5856 5857 5858 5858 5859 5859 5860 5860 5860 5861 5861 5862 5863 5863 5864 5865 5865 5866 5866 5867 5868 5868 5869 5869 
5850 5849 5847 5845 5844 5842 5841 5840 5839 5839 5838 5838 5837 5836 5835 5834 5834 5833 5833 5833 5834 5835 5837 5839 5841 5844 5846 5847 5849 5849 5850 5850 5850 5851 5851 5851 5852 5853 5854 5855 5856 5857 5858 5859 5860 5861 5861 5862 5862 5863 5863 5864 5865 5865 5866 5867 5868 5868 5869 5869 5870 5871 5871 5871 5872 
5853 5852 5850 5848 5845 5843 5842 5840 5839 5839 5838 5837 5836 5835 5835 5834 5834 5833 5833 5833 5833 5835 5836 5838 5841 5843 5846 5847 5849 5850 5850 5851 5851 5851 5851 5852 5852 5853 5854 5856 5857 5858 5860 5861 5862 5863 5863 5864 5865 5866 5866 5867 5868 5869 5869 5870 5871 5871 5872 5873 5873 5874 5874 5874 5875 
5856 5855 5852 5850 5848 5845 5843 5841 5840 5839 5838 5837 5836 5835 5835 5834 5834 5834 5833 5833 5834 5835 5836 5839 5841 5844 5846 5848 5849 5850 5851 5851 5851 5852 5852 5852 5852 5853 5855 5856 5858 5859 5861 5862 5864 5865 5866 5866 5867 5868 5869 5870 5871 5872 5873 5873 5874 5875 5875 5876 5876 5877 5877 5877 5877 
5860 5858 5855 5853 5850 5847 5844 5842 5840 5839 5838 5837 5837 5836 5835 5835 5834 5834 5834 5834 5835 5836 5837 5840 5842 5845 5847 5848 5850 5851 5851 5852 5852 5852 5852 5852 5853 5854 5855 5856 5858 5860 5862 5864 5865 5866 5867 5868 5869 5870 5871 5873 5874 5875 5876 5876 5877 5878 5878 5879 5879 5880 5880 5880 5880 
5863 5861 5858 5855 5852 5849 5846 5844 5842 5840 5839 5838 5837 5837 5836 5836 5835 5835 5835 5836 5836 5837 5839 5841 5844 5846 5848 5849 5851 5852 5852 5853 5853 5853 5853 5853 5853 5854 5855 5857 5859 5860 5862 5864 5866 5867 5869 5870 5871 5872 5873 5875 5876 5877 5878 5879 5880 5880 5881 5881 5882 5882 5882 5882 5882 
5865 5863 5860 5857 5854 5851 5848 5845 5843 5841 5840 5839 5838 5838 5837 5837 5837 5837 5837 5837 5838 5839 5841 5843 5845 5847 5848 5850 5851 5852 5853 5853 5853 5853 5853 5853 5854 5854 5855 5857 5859 5861 5863 5864 5866 5868 5869 5871 5872 5873 5875 5876 5878 5879 5880 5881 5881 5882 5883 5883 5883 5884 5884 5884 5884 
5867 5865 5862 5859 5856 5853 5850 5847 5845 5843 5841 5840 5839 5839 5839 5838 5838 5839 5839 5839 5840 5840 5842 5843 5845 5846 5848 5849 5851 5852 5853 5853 5854 5854 5854 5854 5854 5854 5855 5857 5859 5860 5862 5864 5866 5868 5869 5871 5872 5874 5875 5877 5878 5879 5880 5881 5882 5883 5883 5884 5884 5884 5884 5885 5885 
5867 5865 5862 5859 5857 5854 5851 5849 5846 5844 5843 5841 5840 5840 5840 5839 5840 5840 5840 5840 5840 5840 5841 5842 5843 5844 5845 5847 5849 5850 5852 5853 5854 5854 5853 5853 5852 5853 5854 5856 5857 5859 5861 5863 5865 5867 5868 5870 5871 5873 5874 5876 5877 5878 5879 5880 5881 5882 5883 5883 5883 5884 5884 5884 5884 
5867 5865 5862 5859 5857 5854 5852 5850 5847 5845 5843 5842 5841 5840 5840 5840 5840 5840 5840 5840 5840 5840 5840 5841 5841 5842 5842 5844 5846 5848 5850 5852 5853 5853 5852 5850 5850 5850 5852 5854 5855 5857 5859 5860 5862 5864 5866 5867 5869 5870 5872 5874 5875 5876 5877 5878 5879 5880 5880 5881 5881 5881 5882 5882 5882 
5867 5865 5862 5859 5856 5855 5853 5850 5848 5845 5843 5842 5840 5839 5839 5838 5838 5839 5839 5839 5839 5839 5840 5840 5841 5841 5841 5842 5844 5847 5849 5850 5851 5850 5849 5847 5847 5847 5849 5850 5852 5853 5855 5857 5858 5860 5861 5863 5865 5866 5868 5869 5871 5872 5873 5874 5875 5876 5876 5877 5877 5877 5878 5878 5878 
5866 5864 5861 5858 5856 5854 5852 5850 5847 5845 5842 5841 5839 5838 5837 5837 5837 5837 5837 5838 5838 5839 5840 5841 5841 5841 5842 5843 5844 5846 5847 5848 5848 5847 5846 5844 5843 5843 5844 5846 5848 5849 5850 5851 5853 5854 5856 5857 5859 5860 5862 5863 5865 5866 5867 5868 5869 5870 5870 5871 5871 5872 5872 5872 5872 
5864 5862 5859 5857 5855 5853 5851 5849 5846 5843 5840 5839 5837 5836 5835 5834 5834 5834 5835 5835 5836 5837 5839 5840 5841 5842 5842 5843 5844 5845 5846 5846 5846 5845 5843 5841 5840 5839 5840 5841 5842 5843 5844 5845 5846 5847 5849 5850 5851 5853 5854 5855 5856 5858 5859 5860 5861 5862 5863 5863 5864 5864 5864 5865 5865 
5862 5860 5857 5855 5853 5851 5849 5846 5843 5840 5838 5837 5835 5834 5832 5831 5831 5831 5832 5833 5833 5835 5836 5837 5839 5840 5842 5843 5844 5845 5845 5845 5844 5842 5840 5838 5836 5835 5835 5835 5835 5836 5836 5837 5838 5839 5840 5841 5842 5843 5844 5845 5846 5848 5849 5850 5851 5852 5853 5854 5855 5855 5855 5855 5855 
5859 5857 5854 5852 5850 5847 5844 5842 5839 5837 5835 5834 5832 5831 5829 5829 5829 5830 5830 5830 5831 5832 5832 5833 5835 5837 5839 5841 5842 5843 5843 5843 5841 5839 5837 5834 5832 5830 5829 5828 5828 5829 5829 5829 5829 5830 5831 5831 5832 5833 5833 5834 5835 5836 5837 5839 5840 5841 5842 5843 5844 5844 5844 5844 5844 
5856 5853 5850 5847 5845 5842 5839 5836 5834 5833 5832 5831 5829 5828 5827 5827 5828 5828 5828 5828 5829 5829 5829 5829 5830 5831 5833 5835 5837 5839 5839 5838 5837 5834 5832 5829 5826 5824 5822 5821 5821 5820 5820 5820 5820 5820 5820 5821 5821 5821 5822 5822 5823 5824 5825 5826 5827 5829 5830 5831 5831 5832 5832 5832 5832 
5851 5848 5845 5841 5838 5835 5832 5830 5829 5828 5828 5827 5825 5824 5824 5824 5824 5824 5824 5824 5824 5824 5823 5824 5824 5824 5825 5827 5829 5831 5832 5831 5829 5827 5824 5821 5819 5817 5815 5813 5812 5812 5811 5810 5810 5810 5809 5809 5809 5809 5809 5810 5810 5811 5812 5813 5814 5815 5817 5817 5818 5819 5819 5819 5819 
5844 5841 5837 5833 5830 5827 5824 5823 5822 5821 5821 5821 5820 5819 5819 5818 5818 5818 5818 5818 5817 5816 5816 5816 5816 5816 5816 5817 5818 5820 5821 5820 5818 5816 5814 5812 5810 5808 5806 5804 5803 5802 5801 5800 5799 5798 5798 5798 5797 5797 5797 5797 5797 5798 5799 5800 5801 5802 5803 5804 5804 5805 5805 5805 5805 
5835 5832 5828 5824 5821 5818 5815 5814 5813 5813 5813 5813 5812 5812 5811 5811 5810 5810 5810 5810 5809 5808 5808 5807 5806 5806 5806 5806 5807 5808 5809 5808 5806 5805 5803 5802 5800 5798 5796 5795 5793 5792 5791 5789 5788 5787 5786 5786 5785 5785 5785 5785 5785 5786 5786 5787 5788 5789 5789 5790 5791 5791 5791 5791 5791 
5824 5822 5818 5814 5810 5807 5805 5804 5803 5803 5802 5802 5802 5802 5802 5802 5802 5802 5802 5802 5801 5800 5799 5798 5797 5796 5796 5796 5796 5797 5796 5795 5794 5793 5792 5790 5789 5788 5786 5784 5783 5782 5780 5778 5777 5776 5775 5774 5773 5773 5773 5773 5773 5774 5775 5775 5775 5776 5777 5777 5778 5778 5778 5778 5778 
5812 5810 5806 5802 5799 5796 5794 5792 5791 5791 5790 5790 5790 5790 5790 5791 5792 5792 5792 5792 5792 5791 5789 5788 5787 5786 5785 5785 5785 5785 5784 5783 5782 5781 5780 5779 5778 5776 5775 5773 5772 5770 5769 5767 5766 5765 5763 5762 5762 5761 5761 5761 5762 5762 5763 5763 5764 5764 5765 5765 5766 5766 5766 5765 5765 
5799 5797 5794 5791 5788 5785 5782 5780 5779 5778 5777 5777 5776 5776 5777 5778 5779 5779 5780 5781 5781 5780 5779 5777 5776 5775 5774 5773 5772 5772 5771 5770 5769 5768 5767 5767 5765 5764 5763 5761 5760 5758 5757 5756 5754 5753 5752 5751 5750 5750 5750 5750 5750 5751 5752 5752 5753 5753 5754 5754 5754 5754 5754 5754 5753 
5786 5784 5781 5778 5775 5773 5770 5768 5767 5765 5764 5763 5763 5762 5763 5763 5764 5765 5766 5766 5766 5766 5766 5765 5764 5763 5761 5760 5759 5758 5757 5756 5756 5755 5754 5754 5753 5752 5750 5749 5748 5747 5745 5744 5743 5742 5741 5740 5739 5739 5739 5739 5740 5740 5741 5742 5743 5743 5744 5744 5744 5744 5743 5743 5742 
5773 5771 5769 5766 5763 5760 5758 5756 5754 5752 5751 5750 5749 5748 5748 5749 5750 5750 5751 5751 5752 5752 5752 5751 5751 5750 5748 5747 5745 5744 5743 5743 5742 5741 5741 5741 5740 5739 5738 5737 5736 5735 5734 5733 5732 5731 5730 5730 5729 5729 5728 5729 5729 5730 5731 5732 5733 5734 5734 5734 5734 5734 5733 5733 5732 
5760 5759 5756 5753 5751 5748 5746 5743 5741 5740 5738 5737 5736 5735 5735 5735 5735 5736 5736 5737 5737 5738 5738 5738 5737 5736 5735 5733 5732 5731 5731 5730 5730 5729 5729 5729 5728 5727 5726 5726 5725 5724 5723 5722 5721 5721 5720 5720 5719 5719 5719 5719 5720 5721 5722 5723 5724 5725 5725 5725 5725 5725 5724 5723 5722 
5747 5746 5744 5741 5739 5736 5734 5731 5729 5727 5726 5724 5723 5722 5722 5721 5721 5722 5722 5723 5724 5724 5724 5725 5724 5723 5722 5722 5721 5720 5720 5719 5719 5719 5718 5718 5717 5716 5715 5714 5713 5712 5712 5711 5711 5710 5710 5710 5710 5710 5710 5711 5712 5713 5714 5715 5716 5716 5717 5717 5717 5716 5715 5714 5713 
5735 5734 5732 5730 5727 5725 5722 5720 5718 5716 5714 5713 5711 5710 5709 5709 5709 5709 5710 5711 5711 5712 5712 5713 5712 5712 5711 5711 5711 5711 5710 5710 5710 5710 5709 5708 5707 5707 5705 5704 5703 5702 5701 5701 5701 5701 5700 5701 5701 5702 5703 5703 5704 5705 5706 5707 5708 5708 5709 5709 5709 5708 5707 5706 5705 
5724 5723 5721 5719 5717 5714 5712 5710 5708 5706 5704 5702 5701 5700 5699 5699 5698 5698 5699 5700 5700 5701 5701 5702 5702 5702 5702 5702 5702 5702 5702 5702 5702 5702 5701 5700 5699 5698 5697 5696 5694 5693 5693 5692 5692 5692 5693 5693 5694 5695 5696 5697 5698 5699 5699 5700 5701 5701 5702 5702 5701 5701 5700 5699 5698 
5713 5712 5711 5709 5707 5705 5703 5701 5698 5697 5695 5693 5692 5691 5690 5690 5689 5689 5689 5690 5690 5691 5692 5692 5693 5693 5693 5694 5694 5694 5694 5694 5694 5694 5694 5693 5692 5691 5690 5689 5687 5686 5686 5685 5685 5686 5686 5687 5688 5689 5690 5691 5692 5693 5693 5694 5694 5695 5695 5695 5695 5694 5693 5692 5692 
5703 5702 5701 5699 5698 5696 5694 5692 5690 5688 5687 5685 5684 5683 5682 5681 5680 5680 5680 5681 5681 5682 5683 5683 5684 5685 5685 5686 5686 5686 5687 5687 5687 5687 5687 5686 5686 5685 5684 5683 5682 5681 5680 5680 5680 5680 5681 5681 5682 5683 5685 5686 5687 5687 5688 5688 5689 5689 5689 5689 5689 5688 5687 5686 5685 
5694 5693 5692 5691 5689 5688 5686 5684 5683 5681 5679 5678 5676 5675 5674 5673 5673 5673 5673 5673 5673 5673 5674 5675 5675 5676 5677 5678 5679 5679 5680 5680 5680 5680 5680 5680 5679 5679 5678 5678 5677 5676 5676 5675 5675 5675 5675 5676 5677 5678 5679 5681 5682 5682 5683 5683 5683 5683 5683 5683 5683 5682 5681 5680 5679 
5686 5685 5684 5683 5682 5680 5679 5677 5676 5674 5672 5671 5669 5668 5667 5666 5666 5666 5665 5665 5666 5666 5667 5667 5668 5669 5670 5671 5671 5672 5673 5673 5673 5673 5673 5673 5673 5673 5673 5673 5672 5672 5672 5672 5671 5671 5671 5672 5672 5673 5675 5676 5677 5677 5678 5678 5678 5678 5678 5677 5677 5676 5675 5674 5673 
5679 5678 5677 5676 5675 5673 5672 5671 5669 5668 5666 5664 5663 5662 5661 5660 5660 5659 5659 5659 5659 5660 5660 5661 5661 5662 5663 5664 5665 5666 5666 5667 5667 5667 5667 5667 5667 5667 5668 5668 5668 5668 5668 5668 5667 5667 5667 5668 5668 5669 5670 5671 5672 5672 5673 5673 5673 5672 5672 5672 5671 5670 5669 5668 5667 
5672 5671 5670 5669 5668 5667 5666 5664 5663 5661 5660 5659 5657 5656 5655 5655 5654 5654 5654 5654 5654 5654 5655 5655 5656 5656 5657 5658 5659 5659 5660 5661 5661 5661 5661 5661 5662 5662 5662 5662 5662 5663 5663 5663 5663 5663 5663 5664 5664 5665 5665 5666 5667 5667 5667 5667 5667 5667 5666 5666 5665 5664 5663 5662 5661 
5667 5667 5666 5665 5664 5663 5662 5660 5659 5658 5656 5655 5653 5652 5652 5651 5651 5650 5650 5650 5650 5651 5651 5652 5652 5653 5654 5654 5655 5656 5656 5657 5657 5657 5658 5658 5658 5658 5658 5659 5659 5659 5660 5660 5660 5660 5661 5661 5661 5662 5662 5663 5663 5663 5664 5663 5663 5663 5662 5662 5661 5660 5659 5658 5657 
 3.26  3.58  4.01  4.30  4.48  4.54  4.53  4.44  4.33  4.22  4.07  3.85  3.58  3.28  3.00  2.82  2.75  2.68  2.55  2.41  2.32  2.29  2.28  2.24  2.14  1.97  1.74  1.48  1.21  0.96  0.79  0.76  0.81  0.78  0.56  0.30  0.12  0.02 -0.03 -0.05 -0.05 -0.09 -0.17 -0.28 -0.41 -0.58 -0.83 -1.15 -1.52 -1.87 -2.15 -2.33 -2.44 -2.52 -2.61 -2.71 -2.83 -2.96 -3.12 -3.31 -3.52 -3.75 -3.97 -4.14 -4.23 
 2.15  2.53  3.05  3.45  3.73  3.91  4.01  4.04  4.04  4.01  3.95  3.80  3.59  3.38  3.22  3.15  3.14  3.08  2.94  2.79  2.68  2.62  2.57  2.52  2.41  2.23  1.98  1.68  1.35  1.04  0.81  0.77  0.84  0.81  0.58  0.28  0.04 -0.12 -0.22 -0.30 -0.36 -0.43 -0.52 -0.60 -0.68 -0.79 -0.97 -1.24 -1.56 -1.89 -2.15 -2.32 -2.45 -2.56 -2.68 -2.82 -2.96 -3.10 -3.27 -3.45 -3.64 -3.82 -3.99 -4.11 -4.17 
 0.46  0.91  1.55  2.10  2.55  2.90  3.17  3.38  3.54  3.64  3.69  3.64  3.52  3.43  3.44  3.52  3.58  3.56  3.47  3.34  3.23  3.13  3.03  2.92  2.76  2.55  2.28  1.95  1.58  1.22  0.96  0.88  0.91  0.86  0.61  0.26 -0.05 -0.29 -0.49 -0.67 -0.83 -0.99 -1.11 -1.19 -1.20 -1.23 -1.31 -1.49 -1.74 -2.01 -2.23 -2.40 -2.56 -2.73 -2.90 -3.07 -3.24 -3.40 -3.56 -3.72 -3.86 -3.98 -4.07 -4.13 -4.16 
-1.07 -0.61  0.09  0.75  1.34  1.86  2.31  2.69  2.98  3.19  3.31  3.33  3.28  3.29  3.41  3.57  3.68  3.74  3.75  3.73  3.66  3.54  3.40  3.21  2.99  2.73  2.43  2.09  1.74  1.41  1.17  1.08  1.04  0.93  0.66  0.32 -0.02 -0.34 -0.62 -0.91 -1.19 -1.44 -1.65 -1.76 -1.78 -1.78 -1.81 -1.91 -2.10 -2.30 -2.49 -2.66 -2.85 -3.05 -3.26 -3.45 -3.62 -3.77 -3.91 -4.03 -4.13 -4.21 -4.26 -4.28 -4.28 
-2.35 -1.92 -1.22 -0.52  0.18  0.83  1.43  1.95  2.36  2.63  2.79  2.84  2.86  2.95  3.13  3.30  3.41  3.49  3.59  3.68  3.71  3.64  3.50  3.28  3.02  2.71  2.37  2.03  1.70  1.43  1.25  1.17  1.10  0.96  0.72  0.42  0.09 -0.26 -0.61 -0.96 -1.31 -1.66 -1.95 -2.16 -2.28 -2.34 -2.38 -2.46 -2.59 -2.75 -2.91 -3.09 -3.29 -3.50 -3.71 -3.89 -4.04 -4.16 -4.26 -4.35 -4.42 -4.48 -4.51 -4.51 -4.50 
-3.33 -2.94 -2.29 -1.60 -0.88 -0.17  0.53  1.15  1.63  1.96  2.15  2.23  2.31  2.47  2.65  2.76  2.78  2.79  2.85  2.99  3.15  3.22  3.17  3.00  2.75  2.42  2.04  1.67  1.36  1.15  1.04  1.00  0.97  0.87  0.71  0.50  0.23 -0.11 -0.47 -0.85 -1.24 -1.65 -2.06 -2.40 -2.65 -2.81 -2.92 -3.01 -3.12 -3.26 -3.42 -3.61 -3.81 -4.00 -4.17 -4.31 -4.41 -4.50 -4.56 -4.63 -4.68 -4.70 -4.71 -4.70 -4.69 
-4.00 -3.64 -3.05 -2.41 -1.73 -1.03 -0.32  0.33  0.86  1.23  1.47  1.61  1.73  1.89  2.01  2.02  1.92  1.79  1.73  1.83  2.06  2.28  2.39  2.33  2.12  1.79  1.40  1.03  0.78  0.64  0.60  0.62  0.65  0.66  0.63  0.55  0.38  0.11 -0.25 -0.65 -1.10 -1.58 -2.07 -2.50 -2.84 -3.09 -3.27 -3.41 -3.55 -3.70 -3.88 -4.07 -4.26 -4.42 -4.54 -4.63 -4.70 -4.74 -4.77 -4.80 -4.82 -4.81 -4.79 -4.78 -4.77 
-4.38 -4.05 -3.50 -2.92 -2.31 -1.69 -1.04 -0.42  0.11  0.52  0.81  1.00  1.11  1.19  1.22  1.17  1.03  0.84  0.69  0.69  0.86  1.09  1.28  1.32  1.18  0.88  0.54  0.26  0.10  0.05  0.08  0.16  0.27  0.40  0.50  0.55  0.49  0.30 -0.04 -0.47 -0.97 -1.50 -2.00 -2.44 -2.79 -3.07 -3.31 -3.52 -3.71 -3.91 -4.12 -4.33 -4.52 -4.66 -4.75 -4.80 -4.84 -4.85 -4.85 -4.83 -4.81 -4.79 -4.75 -4.73 -4.72 
-4.52 -4.21 -3.71 -3.19 -2.67 -2.15 -1.61 -1.08 -0.60 -0.19  0.13  0.33  0.42  0.43  0.39  0.33  0.23  0.09 -0.07 -0.16 -0.15 -0.04  0.09  0.15  0.06 -0.15 -0.37 -0.50 -0.52 -0.47 -0.37 -0.22 -0.03  0.18  0.36  0.46  0.45  0.31  0.01 -0.39 -0.85 -1.32 -1.75 -2.13 -2.44 -2.72 -3.00 -3.27 -3.52 -3.77 -4.04 -4.28 -4.48 -4.61 -4.69 -4.75 -4.77 -4.78 -4.75 -4.71 -4.66 -4.62 -4.58 -4.55 -4.54 
-4.40 -4.13 -3.71 -3.28 -2.85 -2.44 -2.02 -1.61 -1.21 -0.85 -0.54 -0.34 -0.26 -0.26 -0.31 -0.36 -0.43 -0.52 -0.64 -0.79 -0.91 -0.96 -0.94 -0.91 -0.94 -1.00 -1.03 -0.99 -0.90 -0.77 -0.59 -0.38 -0.13  0.10  0.25  0.31  0.27  0.13 -0.10 -0.40 -0.72 -1.04 -1.34 -1.61 -1.85 -2.12 -2.41 -2.71 -2.99 -3.28 -3.57 -3.85 -4.07 -4.22 -4.31 -4.38 -4.42 -4.44 -4.43 -4.38 -4.32 -4.27 -4.23 -4.20 -4.19 
-4.02 -3.80 -3.46 -3.14 -2.84 -2.56 -2.27 -1.96 -1.67 -1.38 -1.11 -0.90 -0.79 -0.77 -0.79 -0.84 -0.90 -0.98 -1.10 -1.26 -1.44 -1.57 -1.61 -1.57 -1.48 -1.34 -1.15 -0.97 -0.82 -0.66 -0.46 -0.23  0.00  0.18  0.25  0.22  0.12 -0.02 -0.19 -0.37 -0.55 -0.72 -0.88 -1.03 -1.20 -1.43 -1.69 -1.96 -2.22 -2.48 -2.77 -3.04 -3.28 -3.44 -3.56 -3.66 -3.73 -3.78 -3.80 -3.77 -3.72 -3.67 -3.64 -3.61 -3.61 
-3.35 -3.19 -2.95 -2.76 -2.61 -2.48 -2.32 -2.13 -1.92 -1.69 -1.46 -1.26 -1.12 -1.06 -1.06 -1.11 -1.20 -1.31 -1.46 -1.62 -1.76 -1.83 -1.82 -1.69 -1.43 -1.06 -0.67 -0.38 -0.20 -0.07  0.08  0.24  0.37  0.44  0.41  0.32  0.20  0.08 -0.04 -0.14 -0.22 -0.31 -0.38 -0.47 -0.58 -0.75 -0.94 -1.13 -1.32 -1.53 -1.76 -2.00 -2.20 -2.37 -2.50 -2.62 -2.71 -2.78 -2.83 -2.85 -2.84 -2.80 -2.78 -2.77 -2.77 
-2.49 -2.37 -2.23 -2.18 -2.20 -2.23 -2.20 -2.11 -1.97 -1.78 -1.57 -1.36 -1.20 -1.12 -1.12 -1.20 -1.35 -1.52 -1.68 -1.81 -1.86 -1.81 -1.65 -1.35 -0.90 -0.33  0.19  0.56  0.75  0.84  0.91  0.95  0.93  0.85  0.76  0.66  0.55  0.47  0.41  0.38  0.33  0.28  0.22  0.16  0.07 -0.02 -0.13 -0.24 -0.36 -0.51 -0.68 -0.84 -0.99 -1.13 -1.25 -1.35 -1.43 -1.50 -1.57 -1.63 -1.67 -1.68 -1.67 -1.66 -1.67 
-1.53 -1.44 -1.37 -1.44 -1.61 -1.80 -1.91 -1.90 -1.78 -1.58 -1.35 -1.14 -0.97 -0.88 -0.90 -1.03 -1.24 -1.46 -1.61 -1.67 -1.62 -1.45 -1.12 -0.66 -0.07  0.57  1.13  1.50  1.68  1.77  1.81  1.76  1.58  1.38  1.26  1.19  1.13  1.09  1.09  1.11  1.12  1.10  1.05  1.00  0.94  0.90  0.85  0.79  0.72  0.62  0.50  0.39  0.30  0.21  0.12  0.06  0.02 -0.03 -0.10 -0.18 -0.26 -0.30 -0.33 -0.34 -0.34 
-0.60 -0.53 -0.50 -0.63 -0.89 -1.20 -1.41 -1.44 -1.31 -1.07 -0.80 -0.55 -0.38 -0.31 -0.36 -0.50 -0.71 -0.89 -0.97 -0.96 -0.87 -0.64 -0.25  0.25  0.80  1.35  1.82  2.13  2.35  2.52  2.62  2.53  2.27  1.98  1.83  1.80  1.80  1.82  1.88  1.96  2.04  2.09  2.11  2.12  2.10  2.09  2.08  2.05  2.01  1.94  1.86  1.78  1.72  1.67  1.63  1.60  1.57  1.53  1.48  1.40  1.32  1.25  1.20  1.16  1.14 
 0.18  0.22  0.21  0.06 -0.23 -0.54 -0.73 -0.75 -0.59 -0.33 -0.04  0.20  0.35  0.39  0.36  0.29  0.21  0.16  0.18  0.19  0.20  0.32  0.56  0.87  1.20  1.52  1.82  2.16  2.54  2.90  3.08  3.00  2.73  2.48  2.35  2.34  2.39  2.50  2.64  2.80  2.98  3.14  3.27  3.37  3.43  3.46  3.48  3.48  3.45  3.42  3.37  3.33  3.29  3.27  3.26  3.23  3.20  3.14  3.07  3.00  2.93  2.86  2.80  2.74  2.70 
 0.81  0.79  0.69  0.48  0.23  0.04  0.02  0.15  0.34  0.56  0.77  0.92  0.99  1.03  1.06  1.13  1.22  1.30  1.35  1.31  1.18  1.06  1.02  1.03  1.07  1.12  1.25  1.60  2.14  2.65  2.92  2.91  2.79  2.72  2.70  2.72  2.85  3.06  3.31  3.58  3.86  4.12  4.36  4.55  4.70  4.81  4.89  4.93  4.94  4.94  4.95  4.97  4.97  4.97  4.95  4.90  4.84  4.75  4.67  4.60  4.54  4.48  4.42  4.35  4.30 
 1.38  1.27  1.05  0.77  0.55  0.55  0.86  1.24  1.46  1.55  1.58  1.58  1.56  1.59  1.67  1.80  1.95  2.06  2.09  2.00  1.81  1.59  1.39  1.23  1.10  0.97  0.91  1.10  1.53  2.01  2.33  2.47  2.57  2.70  2.82  2.93  3.14  3.47  3.85  4.24  4.61  4.95  5.27  5.56  5.80  5.99  6.15  6.26  6.33  6.40  6.49  6.58  6.64  6.65  6.61  6.54  6.44  6.34  6.25  6.19  6.13  6.08  6.02  5.96  5.92 
 1.88  1.71  1.40  1.14  1.08  1.38  2.01  2.56  2.68  2.52  2.34  2.16  2.05  2.03  2.05  2.03  2.04  2.07  2.05  1.98  1.92  1.87  1.81  1.74  1.62  1.41  1.17  1.08  1.23  1.51  1.82  2.08  2.32  2.56  2.80  3.04  3.34  3.74  4.21  4.70  5.14  5.56  5.95  6.31  6.63  6.91  7.15  7.34  7.50  7.65  7.82  7.98  8.11  8.16  8.13  8.05  7.94  7.84  7.76  7.69  7.62  7.56  7.51  7.47  7.44 
 2.32  2.15  1.86  1.73  1.97  2.57  3.37  3.88  3.78  3.33  2.89  2.55  2.34  2.21  1.98  1.64  1.36  1.19  1.08  1.10  1.31  1.65  1.99  2.21  2.21  1.96  1.61  1.36  1.33  1.49  1.76  2.08  2.39  2.68  2.98  3.28  3.61  4.02  4.51  5.02  5.51  5.96  6.39  6.80  7.17  7.52  7.84  8.10  8.34  8.57  8.81  9.04  9.23  9.34  9.36  9.32  9.24  9.16  9.07  8.98  8.88  8.80  8.75  8.72  8.71 
 2.85  2.72  2.56  2.60  3.00  3.70  4.41  4.70  4.42  3.78  3.14  2.68  2.35  1.96  1.46  1.00  0.70  0.53  0.47  0.58  0.88  1.36  1.91  2.34  2.47  2.33  2.13  2.04  2.11  2.30  2.56  2.85  3.11  3.35  3.58  3.82  4.10  4.45  4.87  5.34  5.80  6.26  6.69  7.09  7.47  7.84  8.19  8.50  8.79  9.08  9.37  9.66  9.90 10.08 10.16 10.17 10.16 10.13 10.07  9.97  9.86  9.76  9.68  9.63  9.62 
 3.71  3.64  3.58  3.68  4.03  4.55  4.97  4.99  4.58  3.90  3.22  2.72  2.29  1.83  1.47  1.34  1.43  1.62  1.83  2.01  2.19  2.39  2.62  2.82  2.94  3.07  3.30  3.57  3.80  4.00  4.14  4.22  4.29  4.39  4.53  4.67  4.83  5.05  5.35  5.71  6.10  6.50  6.90  7.26  7.60  7.94  8.28  8.59  8.90  9.21  9.51  9.82 10.10 10.30 10.43 10.51 10.58 10.63 10.63 10.59 10.53 10.43 10.32 10.24 10.21 
 5.05  4.97  4.88  4.91  5.07  5.29  5.36  5.19  4.79  4.25  3.70  3.24  2.90  2.75  2.85  3.10  3.47  3.87  4.21  4.45  4.59  4.59  4.54  4.55  4.69  4.99  5.35  5.63  5.75  5.77  5.73  5.67  5.65  5.69  5.73  5.74  5.74  5.80  5.95  6.16  6.43  6.74  7.07  7.38  7.66  7.94  8.24  8.52  8.79  9.06  9.34  9.61  9.85 10.05 10.20 10.33 10.48 10.62 10.72 10.77 10.78 10.75 10.68 10.62 10.60 
 6.57  6.43  6.25  6.14  6.08  6.03  5.90  5.71  5.51  5.29  5.01  4.70  4.52  4.59  4.80  5.05  5.30  5.58  5.79  5.94  6.06  6.14  6.23  6.46  6.77  7.03  7.18  7.19  7.11  7.03  7.00  7.03  7.08  7.07  6.97  6.81  6.64  6.55  6.56  6.65  6.80  7.01  7.25  7.48  7.69  7.91  8.13  8.35  8.56  8.78  8.99  9.19  9.36  9.51  9.66  9.83 10.04 10.26 10.42 10.53 10.60 10.65 10.68 10.70 10.71 
 7.84  7.64  7.38  7.16  6.95  6.75  6.59  6.51  6.53  6.61  6.64  6.58  6.48  6.40  6.37  6.39  6.49  6.61  6.67  6.64  6.59  6.63  6.81  7.13  7.50  7.75  7.82  7.79  7.77  7.84  7.97  8.10  8.13  8.02  7.80  7.54  7.31  7.15  7.08  7.09  7.15  7.28  7.43  7.58  7.73  7.86  8.01  8.15  8.30  8.45  8.61  8.75  8.87  8.98  9.10  9.25  9.45  9.67  9.85  9.98 10.07 10.17 10.27 10.35 10.41 
 8.68  8.45  8.12  7.82  7.53  7.30  7.17  7.19  7.34  7.57  7.80  7.95  7.95  7.82  7.66  7.60  7.66  7.72  7.66  7.48  7.25  7.10  7.08  7.19  7.42  7.65  7.80  7.89  8.02  8.21  8.41  8.52  8.49  8.35  8.14  7.91  7.72  7.58  7.49  7.46  7.46  7.52  7.61  7.70  7.78  7.84  7.90  7.96  8.04  8.14  8.25  8.37  8.46  8.54  8.61  8.69  8.81  8.95  9.08  9.19  9.29  9.39  9.51  9.64  9.71 
 9.16  8.90  8.51  8.16  7.85  7.62  7.51  7.56  7.73  8.00  8.30  8.57  8.74  8.78  8.76  8.80  8.88  8.92  8.81  8.58  8.30  8.02  7.80  7.68  7.69  7.78  7.90  8.03  8.18  8.36  8.51  8.57  8.53  8.43  8.30  8.16  8.03  7.93  7.84  7.78  7.75  7.75  7.78  7.81  7.83  7.83  7.81  7.79  7.81  7.85  7.92  7.99  8.06  8.10  8.10  8.10  8.11  8.14  8.20  8.27  8.35  8.45  8.58  8.73  8.82 
 9.27  9.01  8.63  8.29  8.01  7.81  7.71  7.74  7.88  8.12  8.40  8.68  8.92  9.12  9.30  9.48  9.63  9.71  9.67  9.55  9.37  9.12  8.82  8.51  8.30  8.19  8.19  8.27  8.42  8.56  8.65  8.66  8.62  8.55  8.47  8.37  8.27  8.18  8.10  8.01  7.94  7.89  7.86  7.82  7.78  7.72  7.65  7.58  7.53  7.52  7.53  7.56  7.58  7.58  7.54  7.47  7.40  7.35  7.34  7.37  7.44  7.53  7.66  7.82  7.92 
 9.07  8.85  8.51  8.23  8.00  7.85  7.78  7.79  7.91  8.09  8.31  8.54  8.76  8.99  9.24  9.49  9.70  9.85  9.91  9.91  9.86  9.72  9.46  9.14  8.83  8.59  8.47  8.47  8.55  8.64  8.68  8.66  8.60  8.54  8.47  8.39  8.31  8.23  8.15  8.06  7.96  7.86  7.76  7.66  7.56  7.47  7.36  7.24  7.14  7.06  7.02  7.00  6.99  6.97  6.91  6.82  6.72  6.65  6.62  6.64  6.70  6.78  6.89  7.02  7.11 
 8.65  8.47  8.21  7.98  7.82  7.70  7.66  7.68  7.78  7.93  8.10  8.28  8.47  8.66  8.87  9.11  9.32  9.48  9.57  9.61  9.61  9.53  9.37  9.13  8.85  8.60  8.44  8.36  8.34  8.34  8.34  8.31  8.24  8.17  8.11  8.05  8.01  7.97  7.92  7.83  7.73  7.62  7.49  7.35  7.22  7.10  6.96  6.80  6.63  6.49  6.38  6.32  6.28  6.26  6.21  6.14  6.07  6.03  6.03  6.06  6.11  6.18  6.26  6.35  6.41 
 8.13  7.99  7.78  7.61  7.47  7.38  7.35  7.38  7.46  7.57  7.69  7.83  7.97  8.12  8.28  8.46  8.64  8.77  8.85  8.88  8.88  8.83  8.71  8.54  8.35  8.16  8.00  7.86  7.74  7.68  7.66  7.62  7.54  7.45  7.39  7.37  7.36  7.36  7.35  7.31  7.24  7.15  7.05  6.92  6.79  6.64  6.47  6.28  6.07  5.87  5.71  5.60  5.55  5.51  5.48  5.46  5.46  5.48  5.52  5.56  5.61  5.67  5.72  5.77  5.81 
 7.61  7.50  7.34  7.18  7.04  6.94  6.89  6.90  6.93  6.99  7.06  7.13  7.22  7.31  7.43  7.56  7.70  7.80  7.86  7.89  7.88  7.83  7.74  7.62  7.49  7.35  7.19  7.03  6.89  6.80  6.75  6.70  6.61  6.53  6.49  6.49  6.50  6.52  6.54  6.53  6.51  6.47  6.41  6.31  6.18  6.02  5.85  5.66  5.45  5.24  5.06  4.93  4.85  4.81  4.80  4.82  4.87  4.95  5.02  5.08  5.13  5.18  5.22  5.24  5.26 
 7.13  7.06  6.92  6.76  6.60  6.46  6.38  6.33  6.32  6.31  6.32  6.34  6.38  6.44  6.53  6.62  6.71  6.77  6.81  6.82  6.81  6.77  6.71  6.62  6.52  6.40  6.27  6.13  6.01  5.92  5.84  5.77  5.69  5.63  5.61  5.61  5.62  5.64  5.65  5.64  5.63  5.61  5.57  5.50  5.39  5.25  5.09  4.93  4.75  4.57  4.41  4.29  4.22  4.19  4.21  4.27  4.35  4.45  4.53  4.60  4.66  4.70  4.73  4.74  4.76 
 6.67  6.61  6.49  6.32  6.15  6.00  5.88  5.80  5.74  5.69  5.66  5.65  5.67  5.70  5.75  5.81  5.87  5.91  5.95  5.96  5.96  5.95  5.91  5.85  5.76  5.65  5.53  5.42  5.32  5.23  5.13  5.04  4.96  4.91  4.89  4.88  4.86  4.84  4.81  4.76  4.71  4.67  4.63  4.58  4.49  4.38  4.27  4.16  4.04  3.91  3.80  3.71  3.67  3.68  3.73  3.81  3.91  4.01  4.09  4.17  4.23  4.27  4.29  4.30  4.31 
 6.19  6.13  6.01  5.85  5.69  5.54  5.42  5.32  5.24  5.17  5.12  5.10  5.09  5.10  5.12  5.15  5.19  5.24  5.30  5.35  5.38  5.40  5.40  5.35  5.26  5.15  5.04  4.93  4.82  4.73  4.63  4.53  4.45  4.39  4.35  4.31  4.25  4.17  4.07  3.96  3.85  3.77  3.72  3.67  3.62  3.56  3.50  3.45  3.40  3.34  3.29  3.26  3.26  3.28  3.34  3.44  3.54  3.64  3.73  3.81  3.88  3.92  3.94  3.95  3.96 
 5.67  5.62  5.51  5.38  5.24  5.10  4.97  4.86  4.76  4.67  4.61  4.57  4.56  4.55  4.55  4.56  4.60  4.66  4.72  4.80  4.86  4.90  4.91  4.89  4.82  4.72  4.61  4.50  4.41  4.32  4.23  4.15  4.09  4.03  3.97  3.89  3.78  3.63  3.47  3.31  3.17  3.05  2.97  2.92  2.90  2.90  2.91  2.91  2.92  2.93  2.95  2.96  2.98  3.02  3.09  3.18  3.27  3.37  3.46  3.55  3.63  3.68  3.71  3.71  3.71 
 5.11  5.08  5.01  4.90  4.78  4.64  4.50  4.37  4.26  4.17  4.10  4.05  4.03  4.01  4.01  4.03  4.06  4.10  4.15  4.20  4.25  4.30  4.32  4.32  4.28  4.22  4.16  4.09  4.02  3.96  3.90  3.86  3.81  3.76  3.69  3.58  3.43  3.25  3.06  2.89  2.73  2.60  2.51  2.46  2.46  2.48  2.52  2.56  2.61  2.66  2.72  2.78  2.83  2.89  2.95  3.02  3.10  3.18  3.27  3.37  3.46  3.52  3.55  3.55  3.54 
 4.53  4.51  4.47  4.39  4.28  4.16  4.03  3.91  3.81  3.72  3.65  3.60  3.57  3.56  3.55  3.55  3.56  3.57  3.59  3.61  3.64  3.67  3.69  3.70  3.70  3.70  3.69  3.67  3.64  3.61  3.59  3.57  3.54  3.49  3.42  3.31  3.18  3.02  2.86  2.70  2.55  2.43  2.34  2.28  2.26  2.27  2.30  2.33  2.39  2.46  2.56  2.65  2.74  2.82  2.88  2.94  3.00  3.07  3.14  3.23  3.31  3.37  3.40  3.39  3.38 
 4.04  4.02  3.98  3.93  3.85  3.76  3.66  3.56  3.48  3.40  3.33  3.28  3.24  3.22  3.19  3.17  3.14  3.12  3.11  3.10  3.11  3.13  3.15  3.16  3.18  3.21  3.24  3.26  3.26  3.27  3.26  3.24  3.21  3.17  3.12  3.05  2.97  2.87  2.76  2.66  2.56  2.47  2.39  2.31  2.25  2.20  2.18  2.20  2.25  2.35  2.47  2.60  2.72  2.80  2.87  2.93  2.97  3.01  3.07  3.13  3.19  3.23  3.25  3.25  3.24 
 3.76  3.73  3.69  3.65  3.61  3.55  3.47  3.39  3.30  3.22  3.14  3.08  3.02  2.98  2.94  2.89  2.84  2.80  2.77  2.75  2.75  2.75  2.76  2.77  2.78  2.81  2.84  2.87  2.89  2.91  2.92  2.91  2.89  2.86  2.82  2.79  2.75  2.70  2.66  2.62  2.58  2.54  2.48  2.40  2.31  2.23  2.19  2.20  2.27  2.38  2.51  2.65  2.76  2.85  2.91  2.96  3.00  3.03  3.07  3.12  3.16  3.20  3.23  3.25  3.26 
 3.69  3.65  3.61  3.57  3.54  3.49  3.43  3.34  3.25  3.15  3.06  2.98  2.91  2.86  2.81  2.75  2.70  2.65  2.61  2.59  2.58  2.57  2.57  2.57  2.58  2.59  2.61  2.63  2.66  2.69  2.70  2.71  2.69  2.67  2.65  2.62  2.60  2.58  2.56  2.55  2.55  2.54  2.50  2.43  2.35  2.28  2.25  2.27  2.34  2.45  2.58  2.71  2.82  2.90  2.95  3.00  3.04  3.08  3.12  3.17  3.22  3.26  3.30  3.34  3.36 
 0.30  0.47  0.68  0.78  0.78  0.69  0.56  0.42  0.27  0.08 -0.19 -0.52 -0.72 -0.64 -0.28  0.18  0.61  0.98  1.33  1.70  2.07  2.36  2.46  2.36  2.05  1.61  1.08  0.53  0.07 -0.15 -0.11  0.07  0.18  0.08 -0.17 -0.36 -0.38 -0.33 -0.27 -0.14  0.14  0.53  0.93  1.22  1.33  1.25  0.99  0.66  0.35  0.13  0.03  0.04  0.12  0.26  0.40  0.53  0.62  0.66  0.67  0.67  0.67  0.69  0.71  0.73  0.73 
-0.08  0.14  0.41  0.56  0.60  0.56  0.47  0.35  0.22  0.05 -0.21 -0.51 -0.68 -0.58 -0.27  0.15  0.56  0.93  1.27  1.63  1.97  2.24  2.34  2.23  1.94  1.53  1.03  0.48  0.02 -0.22 -0.22 -0.10 -0.00 -0.05 -0.20 -0.33 -0.34 -0.29 -0.25 -0.15  0.09  0.46  0.86  1.16  1.31  1.26  1.06  0.76  0.46  0.23  0.11  0.09  0.16  0.27  0.40  0.52  0.60  0.66  0.68  0.68  0.68  0.69  0.70  0.70  0.69 
-0.69 -0.42 -0.07  0.16  0.28  0.32  0.28  0.21  0.11 -0.04 -0.28 -0.51 -0.62 -0.55 -0.32  0.01  0.39  0.77  1.15  1.51  1.85  2.09  2.19  2.08  1.81  1.43  0.96  0.45 -0.00 -0.27 -0.34 -0.28 -0.19 -0.14 -0.14 -0.17 -0.17 -0.15 -0.12 -0.06  0.11  0.41  0.77  1.07  1.23  1.24  1.10  0.87  0.59  0.35  0.22  0.19  0.24  0.34  0.44  0.54  0.62  0.67  0.70  0.69  0.68  0.67  0.65  0.62  0.60 
-1.30 -1.01 -0.62 -0.33 -0.14 -0.03  0.01 -0.01 -0.07 -0.19 -0.38 -0.54 -0.60 -0.56 -0.44 -0.25  0.05  0.44  0.89  1.35  1.74  2.01  2.11  2.03  1.77  1.40  0.97  0.49  0.04 -0.24 -0.34 -0.31 -0.20 -0.05  0.08  0.13  0.12  0.12  0.14  0.18  0.28  0.47  0.73  0.98  1.13  1.15  1.07  0.90  0.67  0.45  0.31  0.29  0.35  0.45  0.54  0.62  0.67  0.70  0.71  0.69  0.66  0.63  0.58  0.52  0.48 
-1.86 -1.60 -1.22 -0.91 -0.67 -0.50 -0.40 -0.34 -0.33 -0.37 -0.47 -0.55 -0.59 -0.61 -0.61 -0.56 -0.40 -0.06  0.47  1.06  1.59  1.95  2.11  2.06  1.84  1.50  1.07  0.60  0.15 -0.14 -0.24 -0.21 -0.07  0.16  0.36  0.45  0.47  0.48  0.50  0.53  0.56  0.64  0.80  0.97  1.07  1.07  1.00  0.88  0.70  0.51  0.41  0.42  0.49  0.59  0.66  0.71  0.73  0.73  0.72  0.68  0.64  0.58  0.51  0.43  0.36 
-2.34 -2.13 -1.82 -1.55 -1.32 -1.12 -0.94 -0.78 -0.65 -0.55 -0.51 -0.54 -0.62 -0.73 -0.81 -0.85 -0.80 -0.55 -0.04  0.65  1.33  1.84  2.12  2.16  2.01  1.72  1.32  0.84  0.37  0.06 -0.08 -0.07  0.08  0.33  0.57  0.72  0.80  0.85  0.89  0.89  0.88  0.91  0.99  1.09  1.12  1.07  0.97  0.86  0.72  0.58  0.52  0.56  0.65  0.73  0.78  0.78  0.77  0.75  0.72  0.67  0.61  0.54  0.45  0.34  0.27 
-2.74 -2.60 -2.38 -2.18 -1.99 -1.79 -1.55 -1.29 -0.99 -0.71 -0.53 -0.54 -0.69 -0.86 -0.97 -1.01 -0.98 -0.82 -0.42  0.21  0.94  1.59  2.06  2.27  2.25  2.04  1.68  1.18  0.68  0.31  0.10  0.04  0.16  0.39  0.64  0.86  1.03  1.18  1.25  1.25  1.23  1.25  1.31  1.35  1.30  1.19  1.04  0.91  0.79  0.69  0.67  0.72  0.78  0.84  0.85  0.82  0.78  0.74  0.70  0.65  0.58  0.48  0.38  0.28  0.22 
-3.10 -3.02 -2.88 -2.75 -2.61 -2.43 -2.16 -1.79 -1.34 -0.87 -0.57 -0.55 -0.74 -0.93 -1.02 -1.01 -0.95 -0.83 -0.57 -0.11  0.54  1.27  1.91  2.34  2.49  2.39  2.06  1.53  0.96  0.51  0.22  0.08  0.12  0.30  0.55  0.83  1.13  1.39  1.56  1.62  1.62  1.65  1.70  1.69  1.58  1.40  1.22  1.06  0.95  0.87  0.85  0.87  0.90  0.91  0.88  0.83  0.77  0.71  0.66  0.61  0.52  0.42  0.32  0.23  0.18 
-3.44 -3.41 -3.34 -3.26 -3.16 -2.99 -2.70 -2.26 -1.67 -1.07 -0.66 -0.59 -0.74 -0.90 -0.97 -0.93 -0.84 -0.72 -0.54 -0.23  0.29  1.00  1.76  2.36  2.70  2.72  2.39  1.80  1.15  0.62  0.24  0.01 -0.04  0.08  0.34  0.68  1.10  1.50  1.81  1.97  2.03  2.07  2.10  2.04  1.88  1.67  1.47  1.30  1.18  1.11  1.08  1.06  1.02  0.97  0.90  0.83  0.75  0.68  0.61  0.54  0.45  0.35  0.26  0.19  0.15 
-3.77 -3.77 -3.76 -3.71 -3.62 -3.46 -3.14 -2.65 -1.98 -1.29 -0.80 -0.64 -0.70 -0.82 -0.87 -0.84 -0.74 -0.61 -0.44 -0.18  0.26  0.91  1.68  2.40  2.87  2.95  2.60  1.94  1.22  0.62  0.15 -0.17 -0.29 -0.19  0.09  0.52  1.02  1.55  1.98  2.24  2.36  2.40  2.40  2.31  2.15  1.96  1.77  1.59  1.45  1.38  1.34  1.27  1.17  1.05  0.95  0.86  0.77  0.66  0.56  0.47  0.37  0.28  0.20  0.15  0.12 
-4.07 -4.10 -4.12 -4.08 -3.98 -3.79 -3.46 -2.94 -2.24 -1.52 -0.98 -0.72 -0.69 -0.73 -0.77 -0.75 -0.67 -0.53 -0.33 -0.05  0.38  0.99  1.71  2.43  2.94  3.02  2.64  1.95  1.21  0.55  0.00 -0.39 -0.54 -0.41 -0.06  0.42  0.99  1.59  2.11  2.42  2.55  2.58  2.56  2.47  2.35  2.22  2.06  1.88  1.73  1.66  1.62  1.52  1.35  1.17  1.04  0.93  0.82  0.68  0.53  0.40  0.30  0.22  0.16  0.12  0.11 
-4.32 -4.35 -4.36 -4.31 -4.20 -4.00 -3.65 -3.11 -2.43 -1.74 -1.18 -0.85 -0.71 -0.69 -0.69 -0.67 -0.60 -0.45 -0.21  0.11  0.54  1.10  1.76  2.41  2.86  2.89  2.49  1.85  1.16  0.50 -0.08 -0.50 -0.65 -0.50 -0.10  0.43  1.02  1.65  2.20  2.54  2.66  2.67  2.63  2.56  2.49  2.42  2.29  2.13  1.99  1.92  1.89  1.76  1.54  1.32  1.16  1.05  0.92  0.75  0.55  0.37  0.26  0.18  0.14  0.12  0.12 
-4.51 -4.51 -4.47 -4.37 -4.25 -4.05 -3.71 -3.20 -2.56 -1.93 -1.39 -1.01 -0.79 -0.69 -0.63 -0.58 -0.48 -0.31 -0.07  0.26  0.66  1.16  1.75  2.31  2.63  2.59  2.22  1.71  1.14  0.56 -0.00 -0.42 -0.57 -0.43 -0.06  0.46  1.06  1.70  2.26  2.62  2.76  2.77  2.72  2.67  2.62  2.56  2.46  2.32  2.20  2.15  2.10  1.95  1.70  1.47  1.30  1.17  1.02  0.82  0.59  0.38  0.24  0.16  0.13  0.13  0.14 
-4.66 -4.59 -4.44 -4.25 -4.07 -3.91 -3.64 -3.22 -2.69 -2.13 -1.61 -1.19 -0.90 -0.71 -0.56 -0.44 -0.30 -0.12  0.12  0.41  0.76  1.20  1.70  2.15  2.37  2.28  2.01  1.67  1.28  0.79  0.26 -0.14 -0.31 -0.23  0.03  0.48  1.06  1.70  2.27  2.66  2.84  2.90  2.87  2.82  2.76  2.67  2.56  2.45  2.37  2.33  2.25  2.07  1.82  1.59  1.41  1.26  1.09  0.88  0.64  0.42  0.26  0.16  0.13  0.14  0.15 
-4.73 -4.58 -4.30 -3.95 -3.67 -3.54 -3.45 -3.23 -2.85 -2.38 -1.88 -1.42 -1.04 -0.72 -0.45 -0.22 -0.03  0.15  0.33  0.59  0.93  1.34  1.76  2.08  2.17  2.08  1.97  1.85  1.61  1.18  0.64  0.18 -0.03 -0.04  0.11  0.48  1.04  1.67  2.22  2.63  2.86  2.97  3.00  2.95  2.86  2.75  2.63  2.54  2.49  2.46  2.36  2.16  1.90  1.66  1.47  1.30  1.12  0.91  0.68  0.47  0.30  0.18  0.13  0.14  0.16 
-4.70 -4.50 -4.11 -3.60 -3.16 -3.04 -3.18 -3.25 -3.07 -2.70 -2.21 -1.68 -1.17 -0.71 -0.32  0.00  0.26  0.44  0.60  0.84  1.19  1.60  1.94  2.08  2.00  1.89  1.96  2.08  2.01  1.62  0.99  0.42  0.11  0.02  0.09  0.43  0.99  1.59  2.12  2.50  2.75  2.90  2.98  2.96  2.88  2.77  2.67  2.59  2.56  2.55  2.46  2.24  1.96  1.71  1.50  1.32  1.15  0.95  0.73  0.53  0.35  0.23  0.17  0.16  0.18 
-4.65 -4.42 -3.96 -3.34 -2.77 -2.60 -2.91 -3.26 -3.30 -3.01 -2.50 -1.88 -1.26 -0.72 -0.27  0.14  0.49  0.72  0.88  1.08  1.38  1.70  1.91  1.90  1.70  1.57  1.76  2.06  2.13  1.80  1.15  0.49  0.10 -0.07 -0.05  0.27  0.85  1.44  1.92  2.26  2.49  2.67  2.78  2.81  2.77  2.70  2.64  2.60  2.59  2.58  2.50  2.29  2.02  1.75  1.54  1.38  1.22  1.04  0.82  0.61  0.43  0.29  0.22  0.21  0.23 
-4.60 -4.36 -3.84 -3.16 -2.54 -2.35 -2.70 -3.19 -3.39 -3.18 -2.66 -1.98 -1.31 -0.77 -0.30  0.19  0.64  0.91  1.01  1.09  1.25  1.41  1.51  1.50  1.35  1.25  1.43  1.74  1.83  1.58  1.03  0.38 -0.06 -0.26 -0.28 -0.01  0.53  1.12  1.57  1.87  2.09  2.27  2.43  2.50  2.51  2.50  2.50  2.50  2.52  2.52  2.44  2.27  2.04  1.81  1.62  1.47  1.34  1.15  0.92  0.69  0.50  0.36  0.29  0.28  0.29 
-4.56 -4.28 -3.68 -2.92 -2.29 -2.13 -2.47 -2.99 -3.29 -3.15 -2.63 -1.92 -1.28 -0.80 -0.33  0.19  0.62  0.81  0.78  0.73  0.78  0.89  1.01  1.12  1.12  1.10  1.21  1.38  1.38  1.15  0.72  0.17 -0.28 -0.50 -0.57 -0.41  0.04  0.58  1.03  1.33  1.55  1.75  1.93  2.05  2.11  2.16  2.21  2.27  2.32  2.33  2.27  2.16  2.01  1.85  1.71  1.60  1.46  1.25  1.00  0.75  0.56  0.41  0.34  0.34  0.35 
-4.55 -4.25 -3.61 -2.76 -2.08 -1.90 -2.20 -2.68 -3.00 -2.89 -2.36 -1.69 -1.15 -0.72 -0.20  0.27  0.47  0.45  0.28  0.09  0.05  0.18  0.40  0.68  0.92  1.06  1.14  1.15  1.01  0.71  0.30 -0.16 -0.54 -0.78 -0.92 -0.88 -0.57 -0.11  0.32  0.66  0.91  1.13  1.33  1.48  1.59  1.69  1.79  1.89  1.98  2.02  2.00  1.95  1.90  1.84  1.77  1.70  1.56  1.33  1.06  0.81  0.60  0.45  0.36  0.36  0.38 
-4.64 -4.39 -3.83 -3.03 -2.33 -2.06 -2.19 -2.47 -2.59 -2.36 -1.83 -1.26 -0.82 -0.37  0.19  0.53  0.51  0.29 -0.03 -0.40 -0.62 -0.60 -0.36  0.06  0.56  0.94  1.09  1.05  0.80  0.38 -0.09 -0.51 -0.80 -1.03 -1.26 -1.34 -1.16 -0.82 -0.44 -0.07  0.23  0.48  0.69  0.86  1.00  1.13  1.26  1.39  1.52  1.59  1.63  1.65  1.69  1.73  1.75  1.73  1.62  1.41  1.15  0.90  0.67  0.48  0.37  0.34  0.34 
-4.77 -4.63 -4.25 -3.66 -3.04 -2.67 -2.52 -2.41 -2.14 -1.67 -1.12 -0.64 -0.22  0.22  0.62  0.77  0.62  0.33 -0.02 -0.39 -0.67 -0.75 -0.63 -0.27  0.26  0.72  0.93  0.91  0.67  0.25 -0.21 -0.57 -0.82 -1.11 -1.47 -1.66 -1.62 -1.40 -1.08 -0.74 -0.42 -0.15  0.07  0.26  0.41  0.55  0.69  0.83  0.98  1.10  1.20  1.29  1.41  1.54  1.64  1.68  1.61  1.44  1.22  0.98  0.74  0.53  0.38  0.30  0.27 
-4.83 -4.79 -4.59 -4.18 -3.67 -3.20 -2.74 -2.22 -1.58 -0.92 -0.38  0.03  0.38  0.60  0.68  0.61  0.39  0.14 -0.08 -0.24 -0.31 -0.30 -0.20 -0.00  0.27  0.50  0.62  0.64  0.54  0.31  0.02 -0.26 -0.57 -1.02 -1.50 -1.81 -1.88 -1.74 -1.50 -1.22 -0.96 -0.72 -0.51 -0.31 -0.13  0.03  0.16  0.31  0.47  0.64  0.79  0.95  1.13  1.32  1.47  1.53  1.49  1.37  1.19  0.98  0.77  0.57  0.40  0.27  0.20 
-4.75 -4.79 -4.70 -4.38 -3.90 -3.31 -2.60 -1.80 -0.97 -0.27  0.20  0.48  0.61  0.58  0.45  0.29  0.11 -0.09 -0.27 -0.36 -0.30 -0.12  0.09  0.26  0.34  0.34  0.34  0.41  0.49  0.47  0.33  0.03 -0.40 -0.93 -1.45 -1.80 -1.92 -1.84 -1.68 -1.50 -1.32 -1.15 -0.98 -0.80 -0.60 -0.42 -0.27 -0.11  0.07  0.28  0.49  0.71  0.92  1.11  1.25  1.30  1.27  1.17  1.03  0.87  0.70  0.54  0.37  0.22  0.12 
-4.56 -4.64 -4.61 -4.33 -3.85 -3.19 -2.36 -1.47 -0.64  0.01  0.42  0.59  0.60  0.55  0.50  0.45  0.32  0.05 -0.31 -0.60 -0.67 -0.51 -0.23  0.02  0.14  0.16  0.20  0.33  0.49  0.53  0.36 -0.00 -0.46 -0.95 -1.36 -1.65 -1.78 -1.78 -1.72 -1.62 -1.51 -1.40 -1.29 -1.15 -0.98 -0.79 -0.61 -0.43 -0.21  0.04  0.31  0.57  0.78  0.93  1.00  1.01  0.97  0.91  0.81  0.69  0.56  0.42  0.27  0.11  0.02 
-4.26 -4.37 -4.38 -4.14 -3.69 -3.05 -2.26 -1.44 -0.69 -0.10  0.27  0.45  0.55  0.67  0.83  0.94  0.87  0.50 -0.05 -0.59 -0.89 -0.92 -0.73 -0.47 -0.26 -0.12  0.01  0.18  0.33  0.33  0.12 -0.23 -0.60 -0.95 -1.23 -1.44 -1.58 -1.65 -1.66 -1.63 -1.57 -1.51 -1.45 -1.37 -1.25 -1.09 -0.90 -0.67 -0.41 -0.11  0.20  0.47  0.67  0.77  0.79  0.77  0.72  0.66  0.59  0.50  0.39  0.26  0.11 -0.04 -0.13 
-3.87 -3.99 -4.04 -3.85 -3.47 -2.92 -2.27 -1.57 -0.92 -0.40 -0.06  0.17  0.39  0.65  0.93  1.14  1.14  0.88  0.39 -0.16 -0.61 -0.87 -0.93 -0.83 -0.66 -0.49 -0.31 -0.13  0.01  0.00 -0.16 -0.42 -0.68 -0.90 -1.09 -1.25 -1.38 -1.48 -1.53 -1.54 -1.53 -1.52 -1.50 -1.46 -1.38 -1.25 -1.07 -0.83 -0.55 -0.22  0.11  0.40  0.59  0.67  0.68  0.65  0.59  0.53  0.45  0.35  0.23  0.09 -0.06 -0.23 -0.33 
-3.41 -3.54 -3.62 -3.49 -3.20 -2.78 -2.28 -1.73 -1.20 -0.76 -0.45 -0.20  0.07  0.38  0.67  0.89  0.98  0.90  0.68  0.35 -0.04 -0.43 -0.73 -0.86 -0.87 -0.78 -0.62 -0.45 -0.33 -0.31 -0.40 -0.53 -0.67 -0.81 -0.93 -1.04 -1.15 -1.26 -1.35 -1.41 -1.44 -1.45 -1.46 -1.44 -1.38 -1.27 -1.11 -0.88 -0.60 -0.27  0.06  0.35  0.55  0.66  0.68  0.66  0.61  0.52  0.40  0.26  0.09 -0.08 -0.25 -0.44 -0.55 
-2.94 -3.09 -3.21 -3.16 -2.96 -2.67 -2.30 -1.89 -1.48 -1.12 -0.83 -0.57 -0.29  0.01  0.31  0.53  0.65  0.67  0.63  0.50  0.27 -0.05 -0.39 -0.66 -0.82 -0.87 -0.80 -0.68 -0.57 -0.53 -0.53 -0.55 -0.59 -0.64 -0.71 -0.80 -0.90 -1.02 -1.15 -1.24 -1.30 -1.33 -1.35 -1.34 -1.29 -1.20 -1.05 -0.85 -0.58 -0.26  0.06  0.36  0.57  0.70  0.75  0.75  0.70  0.59  0.43  0.22 -0.00 -0.22 -0.43 -0.63 -0.75 
-2.53 -2.70 -2.88 -2.91 -2.80 -2.60 -2.34 -2.05 -1.75 -1.45 -1.17 -0.89 -0.61 -0.31 -0.02  0.22  0.36  0.43  0.45  0.42  0.30  0.10 -0.16 -0.41 -0.63 -0.76 -0.79 -0.73 -0.64 -0.55 -0.49 -0.45 -0.43 -0.45 -0.51 -0.59 -0.69 -0.82 -0.95 -1.04 -1.10 -1.14 -1.16 -1.17 -1.15 -1.07 -0.94 -0.74 -0.49 -0.19  0.11  0.39  0.61  0.75  0.83  0.85  0.79  0.66  0.46  0.20 -0.07 -0.33 -0.57 -0.79 -0.92 
-2.19 -2.40 -2.63 -2.73 -2.70 -2.58 -2.40 -2.20 -1.99 -1.75 -1.48 -1.19 -0.90 -0.60 -0.31 -0.06  0.13  0.25  0.32  0.34  0.29  0.17 -0.00 -0.18 -0.37 -0.54 -0.62 -0.61 -0.52 -0.41 -0.33 -0.29 -0.29 -0.33 -0.40 -0.50 -0.61 -0.72 -0.82 -0.88 -0.90 -0.92 -0.95 -0.98 -0.96 -0.89 -0.75 -0.55 -0.31 -0.05  0.22  0.46  0.66  0.80  0.88  0.88  0.82  0.67  0.46  0.18 -0.12 -0.41 -0.69 -0.92 -1.05 
-1.93 -2.16 -2.44 -2.59 -2.61 -2.56 -2.45 -2.33 -2.17 -1.97 -1.72 -1.43 -1.14 -0.85 -0.56 -0.30 -0.07  0.11  0.24  0.32  0.32  0.25  0.15  0.03 -0.12 -0.28 -0.38 -0.38 -0.32 -0.25 -0.19 -0.19 -0.22 -0.29 -0.39 -0.52 -0.66 -0.77 -0.83 -0.83 -0.80 -0.78 -0.78 -0.78 -0.75 -0.66 -0.49 -0.27 -0.04  0.19  0.40  0.59  0.74  0.84  0.88  0.85  0.75  0.60  0.39  0.14 -0.16 -0.48 -0.77 -1.02 -1.15 
-1.76 -1.99 -2.27 -2.44 -2.51 -2.51 -2.47 -2.40 -2.27 -2.09 -1.84 -1.57 -1.29 -1.01 -0.74 -0.47 -0.20  0.03  0.21  0.33  0.38  0.36  0.30  0.20  0.08 -0.05 -0.12 -0.13 -0.11 -0.10 -0.11 -0.14 -0.20 -0.28 -0.41 -0.58 -0.75 -0.88 -0.93 -0.89 -0.81 -0.73 -0.67 -0.61 -0.53 -0.39 -0.19  0.04  0.28  0.48  0.64  0.77  0.85  0.88  0.85  0.77  0.64  0.48  0.29  0.05 -0.22 -0.52 -0.82 -1.08 -1.22 
-1.68 -1.87 -2.12 -2.29 -2.38 -2.42 -2.43 -2.39 -2.30 -2.13 -1.90 -1.64 -1.37 -1.11 -0.85 -0.57 -0.29 -0.02  0.19  0.34  0.43  0.45  0.41  0.34  0.24  0.16  0.12  0.11  0.09  0.05 -0.01 -0.07 -0.15 -0.26 -0.43 -0.63 -0.81 -0.94 -0.98 -0.94 -0.83 -0.71 -0.59 -0.46 -0.33 -0.15  0.07  0.32  0.55  0.74  0.86  0.92  0.93  0.89  0.80  0.67  0.52  0.36  0.17 -0.03 -0.28 -0.55 -0.84 -1.10 -1.26 
-1.61 -1.77 -1.97 -2.12 -2.23 -2.30 -2.33 -2.32 -2.25 -2.11 -1.91 -1.67 -1.42 -1.17 -0.92 -0.64 -0.37 -0.10  0.13  0.31  0.43  0.49  0.51  0.48  0.42  0.37  0.34  0.32  0.28  0.23  0.15  0.06 -0.06 -0.21 -0.41 -0.61 -0.79 -0.90 -0.93 -0.87 -0.76 -0.63 -0.49 -0.34 -0.17  0.02  0.24  0.49  0.72  0.90  1.00  1.02  0.96  0.84  0.70  0.55  0.40  0.24  0.08 -0.10 -0.32 -0.57 -0.85 -1.12 -1.29 
-1.55 -1.66 -1.82 -1.96 -2.07 -2.15 -2.19 -2.20 -2.15 -2.05 -1.89 -1.68 -1.45 -1.20 -0.96 -0.71 -0.46 -0.22  0.01  0.21  0.37  0.48  0.55  0.59  0.60  0.59  0.57  0.53  0.49  0.42  0.32  0.20  0.05 -0.13 -0.33 -0.52 -0.66 -0.74 -0.74 -0.68 -0.59 -0.48 -0.36 -0.23 -0.08  0.10  0.31  0.55  0.79  0.97  1.06  1.05  0.94  0.78  0.60  0.43  0.28  0.14  0.00 -0.17 -0.38 -0.62 -0.88 -1.15 -1.32 
-1.53 -1.60 -1.70 -1.79 -1.88 -1.95 -2.01 -2.04 -2.03 -1.97 -1.85 -1.68 -1.46 -1.23 -1.00 -0.78 -0.56 -0.34 -0.12  0.10  0.28  0.42  0.54  0.63  0.71  0.75  0.76  0.73  0.67  0.58  0.46  0.31  0.15 -0.02 -0.19 -0.33 -0.43 -0.49 -0.48 -0.43 -0.35 -0.29 -0.22 -0.15 -0.05  0.10  0.30  0.54  0.78  0.97  1.05  1.02  0.89  0.70  0.51  0.33  0.18  0.04 -0.10 -0.26 -0.47 -0.70 -0.94 -1.17 -1.32 
-1.53 -1.56 -1.60 -1.63 -1.68 -1.74 -1.81 -1.87 -1.89 -1.87 -1.79 -1.64 -1.46 -1.25 -1.04 -0.83 -0.62 -0.41 -0.19  0.02  0.20  0.35  0.49  0.62  0.74  0.83  0.86  0.84  0.77  0.67  0.53  0.38  0.22  0.08 -0.03 -0.12 -0.19 -0.21 -0.20 -0.16 -0.11 -0.08 -0.08 -0.07 -0.03  0.08  0.27  0.50  0.74  0.91  0.98  0.93  0.79  0.61  0.42  0.24  0.09 -0.06 -0.22 -0.39 -0.59 -0.79 -0.99 -1.19 -1.32 
-1.52 -1.52 -1.51 -1.50 -1.52 -1.57 -1.65 -1.73 -1.78 -1.78 -1.72 -1.60 -1.44 -1.25 -1.06 -0.84 -0.62 -0.40 -0.19  0.00  0.17  0.31  0.44  0.58  0.71  0.82  0.87  0.86  0.81  0.71  0.57  0.43  0.29  0.17  0.09  0.04  0.00 -0.01  0.01  0.05  0.09  0.10  0.08  0.04  0.05  0.12  0.27  0.47  0.66  0.79  0.84  0.78  0.66  0.50  0.33  0.17  0.01 -0.15 -0.32 -0.51 -0.69 -0.87 -1.05 -1.23 -1.34 
-1.47 -1.45 -1.43 -1.40 -1.40 -1.45 -1.53 -1.62 -1.68 -1.69 -1.64 -1.54 -1.39 -1.21 -1.02 -0.80 -0.57 -0.34 -0.15  0.02  0.17  0.29  0.41  0.54  0.66  0.76  0.82  0.83  0.79  0.70  0.59  0.46  0.34  0.24  0.17  0.13  0.11  0.11  0.13  0.18  0.22  0.24  0.22  0.20  0.20  0.24  0.33  0.44  0.55  0.63  0.64  0.60  0.50  0.38  0.24  0.10 -0.06 -0.22 -0.40 -0.59 -0.78 -0.96 -1.13 -1.30 -1.42 
-1.43 -1.41 -1.38 -1.35 -1.35 -1.39 -1.47 -1.56 -1.62 -1.63 -1.59 -1.49 -1.35 -1.17 -0.97 -0.74 -0.51 -0.29 -0.11  0.05  0.17  0.29  0.40  0.52  0.64  0.73  0.78  0.79  0.76  0.68  0.58  0.47  0.36  0.27  0.21  0.16  0.14  0.14  0.17  0.22  0.27  0.30  0.31  0.31  0.32  0.34  0.38  0.43  0.48  0.51  0.51  0.47  0.40  0.30  0.18  0.05 -0.10 -0.27 -0.45 -0.64 -0.84 -1.02 -1.20 -1.37 -1.48 

